# Default initial positions for abb_irb1300_10_115's ros2_control fake system

initial_positions:
  joint_1: 0
  joint_2: -0.5235987755982988
  joint_3: 0.5235987755982988
  joint_4: 0
  joint_5: 0.5235987755982988
  joint_6: 0